11
17
6
5
4
3
6
9370
59396
84589
56780
5399
58715
8817
38472
46664
40233
63741
7065
80077
28600
38456
56134
9431
6623
26017
43994
15743
56916
70808
53700
1020
66847
27014
27319
75044
43305
55593
1521
48259
25459
44256
56088
93297
72611
2480
46240
22771
84249
91345
33994
15856
20417
19352
23303
73134
15393
50721
5882
97160
61809
53272
45051
75471
69802
93413
3319
94779
7991
94674
93077
3403
36232
34521
81620
160
1126
55087
53135
26387
96001
95304
14755
25294
17188
2181
25671
4174
60778
49793
78394
81587
75242
92211
67035
19873
43054
84576
13137
6262
3778
84161
92779
86696
86791
18413
17954
35066
20743
50051
99386
91035
40514
17654
14407
61020
97223
25236
94765
94988
36255
98293
99487
21522
21124
34013
5449
91109
37263
33998
40522
22187
67342
16461
43352
21741
21972
14414
9991
84435
5450
77375
8677
4609
97731
55791
72764
20173
91310
24377
32891
98268
4132
62865
18894
40697
30657
7785
91305
4209
18320
80128
23844
89869
50943
8168
11072
94317
9682
61458
87112
77150
85843
25496
65490
36312
48999
96999
56037
11702
95675
6504
19573
36338
40573
82665
26217
7932
65511
92236
27134
3063
26935
14603
69348
55921
59322
28103
88134
63357
42150
80492
28775
9839
42887
78466
29608
63027
61553
75891
50790
93802
62612
74836
12608
92898
61230
7089
18422
89232
52218
20442
94317
56205
72518
13604
10319
907
76674
44285
58671
25202
23284
10928
56778
68475
98281
27601
49705
13671
10918
67653
7427
3197
3036
25809
63551
27072
71194
10110
5143
3593
80316
88230
8409
23237
86850
2974
84807
7821
78363
98975
1054
89310
82080
65682
85299
62965
90429
17400
99641
31209
99402
91635
87616
54564
42808
59413
25943
86175
30150
57635
38930
40698
93491
53285
71846
77141
42862
75661
91985
37037
89322
66177
70200
72662
74029
22727
66792
88881
97959
24172
46557
18059
63456
65200
48673
31794
31242
32210
14444
9973
23606
38900
44937
16919
28098
66794
9242
46287
67792
77509
87186
62111
56114
8278
34400
23854
59521
69825
61067
20420
65196
21760
8953
17410
42541
84272
31882
83996
66904
7452
52929
50004
270
81701
62978
76852
95630
66891
65462
97864
37802
76186
33548
48533
65687
64211
39323
80346
17406
4022
65634
97794
56943
57961
10096
59682
4150
23336
2239
95093
91942
27753
42682
13106
15505
66250
38080
63974
28921
35450
69953
22772
1569
352
79781
95238
30621
16620
79372
24590
37448
49720
3824
9373
17109
21819
8838
95839
13981
41994
75780
23570
89238
19435
35900
18113
22692
88279
72454
22369
37705
49387
82077
78279
85337
27372
59935
82563
86473
28916
12568
6014
47941
15165
25112
55691
5696
88905
7520
44909
80518
80172
49277
35941
11630
4983
12939
13238
74443
37121
44218
18520
29794
97203
17166
84980
90453
26801
68352
17570
37374
24864
80898
59997
38551
83864
26752
71712
39638
37352
51746
46592
24631
92577
52110
75781
34065
45280
30282
22981
67946
94107
1983
6751
7014
90022
69945
61393
57915
32290
42155
85815
48320
21700
8783
43649
34692
28062
58667
49199
79290
11052
94671
93483
58162
37212
14971
24579
50403
6299
4958
35586
67461
5688
28089
34859
77723
35992
89729
63793
27277
38453
98787
67765
36660
56723
90658
54108
16174
6209
13181
50060
2417
69960
51276
68388
89436
55988
77096
49109
31529
22875
73450
7457
56479
15246
10411
44335
25828
27420
47339
65575
60688
42494
35822
43440
8380
32834
89376
94467
91161
35319
14361
36140
71006
36625
47964
44893
52217
56538
44921
26159
40678
86934
83283
6230
30557
18673
82811
39711
30982
74919
55675
56329
75752
27151
82031
96285
95486
92133
56429
71275
26987
10834
10437
75522
22053
64411
49572
93036
63468
37091
56563
51876
93726
94
77340
70805
23587
9459
57804
56272
96227
17804
34836
80425
30936
88413
10729
21615
36286
92111
99468
61670
3558
1384
33124
12451
34826
18297
47111
82819
35387
12548
14072
10248
64118
48839
76266
60977
38261
2281
76930
62293
90337
3520
78074
48156
34277
53597
57218
1594
91358
57077
16929
4553
60111
27532
74490
13762
1970
26432
86442
56343
1768
34543
68685
28080
76145
29607
55488
22144
42678
24072
36993
76003
34083
88599
11346
66262
37331
62434
96605
99251
18788
35947
32786
67048
93482
46227
48971
15411
80863
27908
46992
50620
64056
12730
93974
74639
15827
78191
3971
74196
42220
3715
52237
51661
33902
10533
6528
91947
5254
38528
74782
4557
85076
66084
49344
407
86203
35599
21979
76331
28696
42232
55742
38054
19023
9912
62936
76729
77312
22
73814
33731
97433
96526
74154
94823
73957
32125
53639
59119
84706
89227
52617
50493
18960
10805
47345
69322
35173
87349
74606
16029
37918
18673
87735
17609
40720
25822
23669
96675
57693
4750
15358
7615
33537
87229
96284
15910
24780
3923
19436
38806
35306
63159
17762
93750
99038
70225
5993
72564
42862
97594
67624
92222
53527
21763
50912
7289
7584
54750
84659
27617
93005
56172
19487
87165
46890
29604
2183
43774
10311
51965
83250
28404
6083
36184
75084
69197
71713
31181
70283
53387
27320
83537
41581
47745
88838
80321
57469
69066
2052
60749
47700
33477
55220
13892
76252
48273
88598
99223
14735
30401
38683
99949
6366
54973
10065
4067
43085
74389
15517
41437
87324
68545
92839
64014
67137
95610
28751
9120
46833
4303
89917
16000
15837
38949
41366
37481
42585
68495
74027
31915
70392
62789
44235
14840
82419
23716
76568
40043
39624
44194
86711
73909
73599
10604
70369
453
78664
6046
42199
8531
76928
47038
21266
18378
30707
64149
39992
15088
28219
99147
5931
57075
62054
51486
76923
86897
35798
47807
85276
38980
61057
39113
80434
62344
18521
8990
18568
99818
29158
19104
83969
51280
52591
44105
60197
41375
55960
78472
24349
23724
68678
54361
39834
51299
8765
91711
50128
4205
99178
90688
12608
10082
83389
23709
2066
45259
86221
84332
61921
79858
59232
86293
74897
18248
4034
49477
87068
46867
20914
80882
55625
95762
87549
24332
28446
88751
73922
1148
37740
88672
61076
57020
39753
25369
36702
75091
92508
17809
49856
28715
54896
96335
18232
76144
18603
17618
86108
7335
29529
44698
41092
97512
78305
49814
29476
18106
42905
75371
79479
81258
13301
97597
54167
59623
27707
63869
23625
48797
59890
68016
78870
24749
99513
47031
5107
74213
80244
89536
43970
63809
33376
67945
4657
23933
27464
13356
78657
16085
71184
79819
3265
4316
71119
52121
31864
87894
99258
97123
58242
42034
32506
61177
40530
6919
58143
23261
73973
45129
36399
24935
1431
34760
93015
9458
97375
86630
93602
7847
51829
21267
13447
86628
50276
74919
22140
13000
3899
35867
24457
35805
98093
77828
36408
4867
1592
78092
50536
54517
43075
9199
52384
37178
95584
87760
90912
57739
29937
47254
17652
41948
7590
98182
18082
5832
96389
82622
90050
87037
90979
62570
29389
1313
14862
23015
10574
80352
82605
84658
97014
49683
21279
9996
97996
49743
70592
59981
31264
12327
1930
91489
74336
36414
64792
47043
81988
24941
36870
96341
47524
93421
40340
30265
90186
91170
58153
43503
93922
70949
24917
97772
29550
15020
99598
275
57973
247
1404
41235
60635
80282
35472
95292
36652
38850
37263
190
58834
35622
38124
49889
52711
95308
93075
25915
52228
87636
90659
26065
53655
38565
95859
85933
14419
19666
49557
35224
95361
29705
38263
62101
37525
52184
29126
10330
65180
956
93965
49963
15216
66247
83548
71157
76814
44141
45060
58660
49055
25548
67358
2817
67218
50005
21099
10027
44619
86971
31862
47568
62420
2583
54102
94377
5265
77461
65136
26800
72850
16703
35481
86302
27490
23749
600
47717
97309
85445
77898
24167
31998
52412
33279
76818
78293
65929
75298
60632
9272
66042
13815
99183
29841
48566
43548
40257
61013
66406
2354
68017
85620
72064
28629
45643
75564
8626
230
7142
504
61000
97930
95930
64934
51514
36363
52248
40998
14164
79804
15914
49151
31011
31610
65511
77979
65945
39278
19379
64547
27998
22479
66161
11301
35539
59301
55078
46545
71972
64808
99148
31492
92617
63495
34383
80699
86200
89700
29223
36233
58379
60540
29203
40131
93226
90309
27310
44761
30357
32816
91761
73983
16177
98477
71685
67818
64012
57902
4163
66166
61997
32068
41514
71683
74877
54853
35547
68033
9068
46992
3188
45408
16514
12935
82440
62762
39267
14362
29784
64524
97854
79973
96848
23183
44626
94287
54560
90693
14814
61235
26453
74655
96227
43900
18772
61852
85943
61290
84914
20187
43273
65745
81779
61745
11053
76096
52957
48822
67427
66623
16344
63546
66152
74257
61156
75125
28248
41433
42967
63484
89469
12409
47058
81328
90489
89270
77374
52752
54509
65591
67208
50542
94148
28973
55319
24351
67167
97676
51782
64940
82717
48726
44226
17574
11974
6809
56609
16982
58548
28687
55709
45683
34591
48132
83308
59852
46275
13877
91869
72325
46705
43827
61265
47870
81999
72870
48308
75407
8108
91630
2327
22256
73988
73733
43915
11316
50092
61601
76539
31158
73019
66741
50054
56268
88918
58615
33464
76952
27606
74876
58373
31166
60087
27904
94561
18735
41696
7586
11967
72835
34954
37611
8835
57734
31342
52847
93126
29129
23184
95276
76838
91673
42082
51471
18023
38381
40342
96503
33002
43544
30852
44113
9993
46463
33812
1666
15564
4133
74249
9379
30475
7841
99819
4070
50752
74225
14830
68855
16359
13064
13380
54142
73142
71107
64476
36801
12563
95993
10837
98663
47991
46480
60419
89111
28733
40685
36956
10718
72902
12195
97888
89519
15436
47117
83555
98532
48609
17590
94265
81891
899
84821
62620
41213
83038
1815
349
18736
22175
60756
51365
85931
56177
6500
30086
37170
54954
3843
36599
32482
63502
3960
83624
32279
10729
48680
23337
88537
81753
58561
40150
3790
6133
85774
54986
73364
37018
78201
65470
77310
50979
31994
24777
77740
82199
70209
33573
66087
20828
12924
35634
50486
97738
26789
19636
84063
43867
62187
27736
34653
16222
63484
35508
9851
97386
10796
9100
5354
11440
86692
91376
17797
73353
91050
21634
62942
65614
95176
17494
57316
66887
67388
93075
15124
29435
52956
87990
23449
38726
97379
12629
87490
10601
96092
16929
29726
80218
89642
76548
50294
3708
11378
9770
30407
67754
46759
91741
27546
9357
74831
39176
17922
29006
80950
74621
64402
81412
58991
41362
40312
1198
18146
48005
91930
65213
14071
67009
81675
96585
39998
47481
3018
32900
36184
96848
94616
31275
2533
95227
97972
43480
68043
45759
95124
31925
34559
93236
88994
65419
57684
62027
44817
2296
76861
97740
25786
24255
16224
81591
31639
66265
90458
76972
82267
36714
58985
83463
31213
65199
61913
80419
85983
7538
9294
28511
57999
90848
21931
38749
91001
9650
89150
60679
40598
54247
29320
2381
39766
76819
22444
99945
66102
55440
89234
30020
28893
3923
20985
27249
11929
17562
71735
63575
71217
6977
73774
83980
93542
98803
64110
42876
31595
80638
2272
8265
97182
58751
79638
18348
27138
2205
84845
70714
74170
65457
67260
83811
9156
70211
64668
92467
84496
85136
27795
79355
49724
33767
79134
20202
15565
37811
14747
19604
83596
23090
99153
99285
59674
27077
7612
4431
93842
1344
73784
64654
44218
52801
62922
78157
30340
51933
60262
61138
46151
92758
35776
2324
23061
11369
49394
15197
62841
72035
32519
42890
36464
4788
68034
31759
39457
55963
9678
93623
9241
74401
13282
96105
69735
81827
37680
4967
28753
25030
89707
72016
30673
62895
7635
22821
560
3946
31871
82153
22654
66632
80741
50657
46475
66854
48424
51355
13220
28200
56927
77675
73677
97060
73086
3823
22583
43291
49539
94932
4639
78338
17376
52499
92931
68223
27712
26579
78625
98960
92599
70546
78190
72228
41290
35166
48112
13677
17400
46781
84761
81581
15780
31692
66656
95821
12032
38661
98974
58477
53879
12441
94881
93813
20183
31197
59792
85130
85114
63298
508
57789
83024
26780
50527
67805
88426
25092
49013
86189
71621
42041
18643
20783
85712
96737
62792
89280
43452
67213
83790
61693
27552
29466
25325
48323
67974
43444
74765
50357
95958
84373
22037
34070
83292
72523
93381
1910
62456
39512
35180
45865
17954
23603
73095
32211
65048
38955
42839
91936
68230
93004
5886
2960
69393
25914
70069
98959
46944
15578
45485
18563
57287
69584
28896
63838
49521
24323
51635
59572
54249
82653
57867
9382
59813
95247
39368
58109
21232
83057
41666
69522
13555
28230
7935
81897
25887
67070
4847
33311
20761
78645
50340
21144
7202
88345
41617
41627
74146
18344
7229
29434
53105
59608
34500
55624
37378
71601
43851
4463
18092
85845
5790
56858
90261
52223
78343
98029
25950
56553
83725
56085
80005
91687
47943
60569
83963
39217
21179
11759
32003
21663
35992
9164
72771
51052
25612
70771
34603
15709
56643
44655
98527
22459
6077
10876
55874
34939
12170
15935
22625
21087
46372
58933
29305
94454
96681
5961
56710
49150
96916
69503
53961
34218
70071
63918
42708
25278
98775
67627
72821
27863
32068
22304
77022
8904
60020
56987
43405
79871
66811
50594
45789
16070
61224
55557
68455
36997
91583
75148
73398
38404
11374
89999
22758
13806
4015
57669
26552
41938
64761
19123
20181
98595
88355
15270
83804
37279
74582
74396
99626
1165
64942
80157
45413
13887
50157
89319
87333
73271
45852
97831
13056
30726
71135
1635
45456
84176
41043
99219
89474
42155
49766
89969
71326
63877
17363
51686
20718
83781
82265
38275
87213
18282
90327
29841
76654
82225
20135
33184
42214
97042
75252
68988
55255
58153
63641
3550
48090
39122
32023
66751
23559
50477
10930
29639
75620
71650
84425
85251
19688
60222
32336
68180
29067
1211
67372
85156
95628
59581
70698
16884
96830
74489
23388
32465
2960
29296
47281
43942
45048
46041
20048
94218
25851
75773
33201
45273
2907
50556
60120
38913
43709
87373
91630
53459
34742
18754
29758
23417
9587
53482
43017
11815
73761
51824
8071
36554
8127
43200
23835
44381
99838
25354
30545
1690
99825
93151
5974
56045
8759
26488
72980
24164
8675
48311
64041
28291
1764
901
25667
94709
25206
54138
48570
39388
74340
97978
43178
70697
48791
17629
18763
81159
27872
31271
97806
58610
7646
24822
30135
40005
69965
55803
94130
65201
15019
94399
25235
45737
99048
8038
26542
33722
98441
54449
33711
28313
92537
82045
79704
92436
25261
91849
41973
16426
70514
92086
55292
36278
64086
49159
2982
17126
50319
55399
28389
62219
65612
65865
88642
1417
74262
77771
57972
90222
17090
67220
11294
38720
93590
5916
5957
82638
44277
14923
40076
19048
13033
35449
44111
11499
32172
30709
20985
37396
40435
67713
2722
43222
93464
97722
35720
1479
94242
78582
83176
8628
84915
48710
44537
2517
23086
40859
85190
76508
83906
41189
14662
82438
8408
5878
54458
77684
9557
72741
40290
6995
93260
89870
93852
5911
42980
56630
99514
18567
27584
77581
57662
55153
54833
88588
45109
34366
31733
46334
17774
4640
1129
42075
62870
17640
10451
49007
83345
72533
31077
59930
38710
35878
15374
68560
20519
48081
28323
81344
90476
90188
23813
78610
87435
30536
12719
69738
43590
38749
75871
14761
6226
44448
67326
26994
67631
45266
61838
24554
90696
45874
49455
9113
21001
7091
6829
44621
91256
20808
59786
52221
93810
54139
18372
9035
42019
30333
28514
12707
4960
38615
88384
80288
30309
65280
48341
47854
44806
75271
93341
67786
91860
78672
46664
39109
7375
83836
36638
46983
51394
70144
65517
31601
10976
93624
21616
9595
54680
72564
25246
57307
67415
67408
90765
2567
92283
31074
10561
94418
72688
87469
43380
77810
62953
74898
5187
50499
14364
87334
3283
99844
51002
19838
99487
84190
36233
21318
46207
74821
40992
40210
11574
94263
77151
15372
73688
49122
68457
16844
55222
56930
11103
1766
56072
25448
98970
69980
81013
26358
53508
65268
79938
82982
61107
6085
57397
1035
30179
3947
51204
43695
59311
92954
70623
83067
60940
90190
87927
34485
83714
48097
64266
46884
70184
45366
65004
51439
19323
48595
49106
24707
24282
27244
75518
19763
63681
89785
15299
68890
61025
42153
28340
42748
36760
73648
92205
40010
47506
30012
1885
27108
10587
86789
21583
19641
3327
46179
8339
49642
7905
60794
50606
73677
70132
23664
2459
34638
88025
86239
76156
12367
40982
43717
3105
28463
20783
69560
61331
59593
73860
14456
20414
76563
20231
40221
31353
84135
96984
21295
93171
44351
37055
61941
83580
60281
99813
24325
21965
7514
86319
21401
37237
28655
81335
33827
10721
84014
45257
51991
92006
22459
24088
48135
53902
44999
27130
51052
26237
52786
35591
93567
9440
50705
22281
20168
8081
56491
2656
89486
30568
79389
59349
23821
16385
80542
28153
40454
3270
62460
75001
68784
17306
56837
24160
71084
81346
40642
53001
75670
90895
9309
48863
17719
76748
78276
44532
31288
27456
35142
80090
75249
26049
2010
17633
92191
50070
65663
31150
69620
49958
18877
46612
743
55554
31786
96241
76301
96396
70025
17128
43680
75363
82157
32342
1851
38860
68700
25235
50280
55039
59630
22023
45872
63722
44469
78247
33170
83014
91222
74955
21167
52180
58133
69453
36353
34675
89487
70911
7020
32930
30624
94953
7629
23756
6918
66655
24015
43925
11069
94043
62940
86015
63432
12060
24176
90201
40049
29754
72937
27717
94120
14596
92539
66181
82280
24856
59457
43585
78519
29951
22734
37111
85740
21346
4673
58239
55978
10029
56758
3194
5835
15007
57753
23863
50584
50539
79701
20353
90004
98254
39019
52041
15609
20557
10494
24171
26554
9130
59019
72575
22407
68674
81430
71807
28847
76583
92128
12912
93632
75061
25109
37359
90122
5459
39809
61017
55169
2633
36707
73494
93121
1656
52313
18435
5004
26169
14331
15867
74863
7478
46180
98978
89155
88831
25162
83854
64782
69835
31439
22962
80202
58604
66864
83144
97086
25900
75770
14106
21768
62377
23709
85485
63036
17643
85625
83946
61574
6590
1653
82954
14827
93489
80814
94526
16174
31177
96300
99896
82286
3490
74961
29146
3500
92388
97386
87513
40203
66366
64520
80717
10320
12833
90024
49240
73225
92699
34286
86448
54538
72687
23761
88427
5010
12366
23631
79878
67020
53076
22529
58034
90545
67681
19402
72123
73771
12178
76713
14966
84437
20155
8045
99783
72894
292
82088
45613
22444
62941
69628
91658
32189
12863
96403
37234
49000
71489
73867
48015
76226
45780
85357
13326
14397
52123
14910
85771
80555
45770
42799
55028
40448
1209
71535
68092
3925
19077
3137
2686
60553
34245
88200
91788
74530
2628
76510
35315
65329
47423
23716
18445
27828
64028
41012
13698
37172
84389
53394
13051
45743
23296
20033
12006
29328
68972
94642
91231
29658
65114
30774
12737
85732
74181
60181
81321
85982
92912
50520
99938
13297
18491
10944
80403
38341
60737
21081
33345
36796
54674
98025
2626
89499
20839
41059
62240
88617
78663
10200
94437
54704
79957
54381
95849
18433
45012
55303
20918
82548
2616
10691
92084
81932
30154
71874
95798
71545
86840
72961
25599
83991
32406
41031
13554
25076
75413
9272
89846
96015
37150
79527
65986
31452
29004
68520
1066
95780
32131
88099
9254
809
35184
55588
51067
34855
51359
78095
60329
26901
92435
27216
69777
51979
36646
69969
51680
15550
2429
76517
44668
19911
55302
578
91305
52001
57585
69836
7033
44593
48168
38763
75694
1376
35884
96798
83917
50980
30990
2473
24353
57885
62279
22986
99113
53691
14677
45930
26687
28636
98994
45103
76838
71251
85810
1869
23407
44708
79353
75356
9224
23916
83478
75109
31842
61470
24064
8055
38749
4776
79884
7254
86386
14900
19880
43955
59165
41418
74391
39286
44613
84243
84298
66775
24361
29400
92087
91021
27688
66217
58904
64414
55725
95225
77570
35669
45814
29255
96928
76817
36671
60600
67404
92282
99184
52703
78506
43182
49183
1278
26753
28314
70083
18342
42167
66020
48375
5819
68040
89061
8327
74195
8450
21844
71483
96733
75295
81181
22557
65406
59232
34737
83911
53750
29123
63415
81166
91329
33761
82272
55589
8218
60039
53464
22128
54042
49774
62200
52262
30782
7161
37593
96481
66630
98859
55747
63814
61722
69378
87107
23243
64679
40852
23291
93418
20199
54468
15795
38529
79903
13761
55629
21250
10434
80764
70998
59838
9106
61347
65081
81129
26982
22495
55245
71018
67239
66502
18415
81794
57333
58526
8298
94486
99303
42159
3698
55866
14928
50884
84465
43644
28412
23710
81881
57803
74329
49908
93080
48770
8787
23306
34601
7028
89816
48621
38054
19029
59194
16233
98043
91491
1970
44711
82807
49200
87650
30791
20252
16365
58803
91733
57013
26036
42365
82667
29447
26482
58885
32995
94528
49903
16864
66423
81324
76315
54550
27223
54407
34551
68738
40294
84685
54142
50326
95090
40556
42830
39451
19054
89691
86102
75958
53294
26532
17757
58117
18238
40092
76460
32329
69374
6036
76762
75774
92926
328
28275
23014
91026
53108
4228
93348
45939
3207
89349
9859
59442
3983
68515
91703
74489
29524
43337
27003
88320
86465
60394
48377
38985
59580
20878
71049
47801
24983
38615
77521
22387
41983
6703
71498
18738
51538
63887
81667
51810
6030
53806
57599
19548
6116
27492
19225
27421
10507
18394
81800
54113
47536
52017
13917
30177
77003
86731
98921
55943
10830
17241
29212
3625
18070
91810
89256
99050
14916
78541
57988
25737
49221
25164
37452
26787
53453
38565
72390
97196
64419
17053
4415
42565
49398
72099
58036
29146
54861
67863
76173
34300
83643
49909
83971
99862
12081
14402
14562
69422
19438
89522
98506
58586
61074
83187
41487
38971
40880
39161
36673
46235
17889
80775
12230
68479
59765
11799
32770
38441
89829
19110
94073
4044
21668
11327
13643
5292
72020
17410
32190
47570
22868
54225
82938
10346
77687
96055
22669
94457
73008
56277
70319
3710
30569
16139
78047
23395
51924
98559
67852
69536
91320
71788
53745
52108
80269
99914
97816
85857
94818
34294
37631
1259
84411
69343
36279
61453
87385
54892
40616
52785
59570
72781
14771
84329
75711
44764
93776
87686
37012
95248
38710
91636
27210
4798
18105
33584
77208
75883
72877
69671
24065
67635
60840
96333
10278
1167
91206
3639
93084
95207
71526
23541
48056
8884
32274
9455
57799
24336
89692
42747
89147
91741
98979
76440
5599
86126
80629
6219
11883
85398
95502
27059
55699
15403
93215
1291
30297
3159
26154
48603
99844
52091
53002
59867
95816
70047
99887
56038
41764
20922
806
8759
27211
54683
52056
15298
85370
41042
89001
76561
56553
85598
49824
98361
24317
32020
35719
49977
217
55048
7688
47279
2132
33148
58455
58423
83174
42754
63375
26112
33724
21583
56116
29709
24075
2398
56344
83269
93857
3261
3833
61847
12342
8536
3623
64173
15682
2497
54019
95404
36937
70969
6659
8678
81809
10718
73715
22108
29524
18352
31157
60467
22353
94497
27529
20465
1404
5273
33063
73684
22358
94691
79561
1904
68055
56792
6310
47011
23367
51366
89369
90871
12141
49244
55136
94739
54879
29941
1313
31134
66808
88670
30022
3697
91911
27750
41929
26520
6628
45889
58699
30565
45117
20857
78525
46544
43887
39889
54178
35279
49841
33879
54476
23854
9673
5670
89699
67596
45314
54357
3460
27794
52437
33216
80774
49903
77668
95504
96312
76597
73606
2730
80133
35178
14268
43953
76410
64044
21602
73208
30142
91493
37218
92808
72544
31910
26850
64810
4687
25411
74941
60051
3522
38507
54063
58025
53880
72482
72842
19189
5241
53596
79910
77287
90524
74104
31061
24416
31682
6871
39477
3233
94399
82808
38686
46574
17657
53106
41403
20318
42760
94413
13109
67329
44414
96989
88267
99054
46944
16316
50910
25256
20562
87330
91593
28397
84466
75908
60366
54587
62746
16742
10187
11647
14984
44862
70539
97691
81979
40231
34936
35027
44468
25854
9711
37301
70908
4701
71340
73443
89348
59602
52004
63358
28710
65595
37266
17264
72011
98496
66729
77237
92870
52332
17928
62119
51134
617
74059
66885
7818
78712
83902
75488
82292
45386
4332
89634
17919
72286
49142
11675
86949
85240
17376
86505
73113
52569
65893
25123
86444
52385
97482
14434
49995
70782
24016
58637
41957
30767
39779
67647
32042
99129
41680
22743
73838
45733
2419
68860
44717
34773
93774
90443
75721
74689
75381
9886
5135
58259
88614
83483
20088
3579
22007
30326
16075
53871
84424
30180
15200
31842
5111
22813
80895
78975
69938
48365
30438
95299
25670
80919
67561
96821
46614
26278
68276
44099
4456
66258
23628
97018
18746
56875
86580
32481
14258
69670
18732
16915
22963
45185
50387
42231
20010
19699
40685
55358
10152
50389
97471
6424
49579
12840
76631
68083
40757
39074
23785
17361
65853
68920
12212
31716
61220
25609
27524
23369
9696
34052
52304
13279
71125
99511
80291
90498
49538
60086
78872
41416
57239
72740
31998
72408
80612
55361
51387
63202
24524
41776
43501
10622
47960
58692
97867
57925
20328
86439
78315
8006
40069
81030
43101
56198
27090
3387
12179
7831
44449
63224
75620
90163
55106
66318
24934
78646
33109
8696
72793
22742
76960
67271
42499
70080
13085
74826
56310
55503
20427
49465
63885
21579
89765
59071
27701
85276
14095
74561
36457
68458
48684
47343
89397
92851
10669
17222
38524
15240
86084
23936
5045
84292
60886
88729
43248
70281
37583
40734
40567
80217
63184
93204
17135
206
50147
20130
6270
33942
78095
12189
26150
74063
9479
31470
49391
59355
46140
51233
75779
192
85011
27597
39571
41791
33330
75259
119
82062
56339
24597
38099
57332
97787
42924
47413
86977
28164
82502
94458
23336
99254
11522
50832
15226
22485
32105
47382
33087
4372
85299
97920
307
90823
1939
41239
51259
42582
91968
58301
51939
33293
83969
83822
97014
42160
43637
95202
32409
14572
2108
66671
77284
24489
93925
68811
13342
65052
14804
40079
20628
76120
9999
4599
80917
43076
42758
38597
12173
872
18974
43654
53020
18081
16088
70860
29939
53620
40002
71451
1546
63039
48793
65215
59937
66667
8505
1050
70385
46270
71428
87388
6829
27532
33483
98602
38843
82894
9435
71041
60649
9067
98470
58037
41709
16146
57581
66258
81054
50538
32648
84995
59112
10625
38226
47984
3664
90272
50963
63234
66437
61536
35947
79138
66399
20629
19896
78752
93111
10216
54341
41648
20033
42531
49807
34510
75242
24838
93652
22530
61675
96022
41402
67198
79559
21717
50554
38501
75975
31021
3111
16038
16015
65765
13343
68805
46493
46582
45901
49979
46333
49879
6135
12468
65196
68885
63563
48950
65831
15679
47489
45121
68911
20029
79533
55762
15035
79008
43045
30849
67514
67348
89609
71659
55812
49235
25043
44746
60251
35635
13308
12543
18307
33759
3495
7378
76923
12452
45391
58833
93752
51809
62793
24884
1533
68898
18549
71969
42968
10502
94759
60490
57435
93147
22668
2196
87446
66668
69339
88307
18638
34545
79801
84785
99324
60932
64489
86318
26372
17908
57102
33026
79056
67954
33822
89981
52361
26025
94822
42639
498
14507
63444
17379
10561
60614
80325
55238
22714
83413
67531
26054
42409
38642
33209
37717
79484
55658
71791
14509
33275
58729
23869
55917
71973
50964
93974
73762
80616
78198
75955
82817
18652
89842
76352
23088
39325
4215
5383
38596
49252
62290
53975
95909
8609
26012
96432
65038
61238
3380
46382
66577
5138
63080
55024
24439
23945
66541
53764
2053
95373
67534
67089
53978
90540
43904
62208
15637
48453
54900
72519
92115
80455
47398
55635
9302
60841
48179
43218
12161
64288
68199
51547
62143
81024
17204
14618
3076
26417
53823
95452
47371
69933
40020
97075
1215
90228
56889
20870
67510
55117
33536
92409
97814
62297
39542
80948
31003
57845
88313
64722
26193
15596
88359
69001
50780
74550
35313
54640
18935
77426
82510
35314
51609
99995
81548
38926
49587
11177
9409
1448
44086
81127
18240
14832
62642
76973
17671
29005
65658
49370
25012
41253
81283
64463
87800
72620
61130
90666
41572
99878
2229
68766
43264
24314
97394
92748
97722
64854
28507
35232
46140
97977
9723
53322
41878
90817
33899
88982
88410
46418
65781
73995
32775
52223
73978
82717
12893
7000
35887
52336
69520
26256
64929
33674
69815
18313
2649
81522
64803
84638
22587
6699
72045
20845
76136
4903
94280
44448
58340
6282
45142
33431
95506
84253
35223
58579
44891
6314
3483
47265
27149
23003
20761
76353
6592
98730
94360
35730
9108
7844
77258
347
50518
69695
84633
22265
33025
23348
91098
91136
57601
98331
55166
15952
32147
60995
13254
36022
70377
94762
23703
14651
46826
37087
75683
1101
60245
10737
12647
15560
44965
43507
46324
95329
35824
75984
53252
95599
51818
62789
96430
14614
59880
29215
76533
85073
41758
22353
16890
827
45929
50193
8850
4155
61064
91664
48979
87722
32741
37013
73544
68513
67026
63702
64355
39556
58479
59858
36306
26853
22599
21197
42922
88502
35354
47656
48256
66031
56022
52764
11927
35512
6878
54259
88403
37139
54189
99012
28012
32074
15987
40649
72638
90128
26046
43806
51005
47479
45556
12440
12806
21901
64157
65696
42097
93075
69629
93995
46659
40189
75967
63063
1343
56159
26349
95492
8732
42361
20315
14796
37746
95361
78180
43648
88558
52554
58733
56289
18021
32110
93701
24920
82662
4125
67214
2546
92167
91074
73621
29468
98753
29166
9724
68759
28696
97828
46746
67319
66546
92768
60952
59838
26890
7141
58620
50576
8860
74657
90370
27762
13984
97151
46982
65796
99540
34952
12671
17273
6897
15063
82405
64207
74336
82936
69811
81135
88965
57980
41319
38306
25689
23548
6503
53997
93174
69032
58878
25483
43916
19851
13155
25062
87665
8988
92090
57874
23412
4803
51956
6630
25586
83013
6866
44024
24418
44527
88103
38547
57867
56091
91035
27639
89941
73250
61995
90798
80796
35550
37550
96646
52385
25082
55027
3376
84156
23097
88806
74804
20140
67072
31569
11535
64238
56257
8895
99434
94604
53285
23036
44888
10380
20469
75160
34604
64842
35076
60362
24180
51584
15772
85009
47286
83617
86468
46230
85285
53957
39372
36045
19136
82622
55093
83515
47495
78666
9311
25617
39003
50209
10287
86390
33777
88558
40317
95395
40595
8219
2328
88999
16115
59141
17526
1739
85037
814
47164
88944
32664
49553
95495
42356
70856
48048
76724
52372
64931
83241
43954
71883
72221
63751
27586
93113
74515
78677
94056
11839
99713
31373
5777
42118
74336
494
12416
56671
46464
37485
5399
42885
16797
2242
7486
93630
66497
69411
61107
75681
41590
52655
62351
38962
72934
44992
59729
16265
34577
37667
10185
28848
16362
27332
45187
44491
54703
99650
74189
65457
47619
83713
59335
13977
97705
31743
62758
94448
50623
85022
46565
37447
88501
93792
4553
55145
76072
657
86416
14058
69408
76062
22645
43675
29666
49763
61826
35577
20978
5122
92658
65095
85993
40304
23041
58992
87215
88873
27635
75822
72342
24036
20670
51048
71666
98721
24918
93493
96696
18462
6355
27424
17810
92105
73184
30532
1245
31536
23362
6806
81823
52084
91779
26722
4872
49916
10106
93262
68420
83846
25625
72795
5146
60920
70643
20937
96356
89813
51144
23258
33291
33643
87918
86159
57342
29672
59165
14
26159
41357
17047
35717
88970
87547
5043
46536
10963
1738
41189
79767
82523
58329
28267
35739
46366
4063
51318
31855
39836
23968
49523
44923
75123
66971
59925
98171
99893
18176
44737
44894
63563
78175
84214
20426
78022
27451
58807
91229
34301
40190
50038
23183
24904
63238
84030
29747
19832
53437
12509
49532
34129
56262
21868
30556
77509
81747
77469
34728
63630
56404
66496
14103
92423
20010
19666
10953
19495
27737
58210
90725
10620
50939
15329
45306
55744
14898
76134
84071
78266
55926
43931
18102
7892
1068
75943
18850
10324
59447
13401
96922
66874
92808
6285
20254
66805
96081
90367
42758
65314
18136
3049
16258
73282
16359
40026
79900
52566
20448
53014
11418
25242
97005
48708
81567
98459
95989
25688
64529
70646
94347
2845
59893
18479
98785
71070
9942
11
25946
69969
99845
1770
35484
2464
22107
98500
15588
40214
34457
81119
16212
53123
95536
67690
8327
32556
71165
90297
50693
85074
40556
5118
10578
35389
157
59072
23937
7236
292
62747
87591
96412
78186
83476
87050
3227
9138
29302
26743
65095
36790
88046
77202
67776
65006
73503
93416
3303
18674
5379
80321
38922
80248
43616
8850
31117
35287
35266
77038
40214
10988
10138
30524
6996
64249
57427
93252
18733
48235
67244
90084
8227
83125
62839
70399
53059
84376
92398
20212
38922
15492
19980
58380
58291
70296
28175
41261
47969
77509
41096
88972
48518
82673
90076
3359
98414
97495
33467
13232
2411
62027
10170
58862
35453
36443
88879
28222
57757
33393
65513
46190
98599
81302
681
19626
76482
69233
20512
79304
72942
83308
25127
99485
28520
36119
47701
44627
33436
62438
12161
754
74664
31893
43252
7354
2185
75372
12809
36851
2245
34398
63685
97756
18676
64043
34093
98784
7723
74918
68328
26310
77318
35184
30194
29703
42706
36003
92985
35259
85140
31979
26360
90124
8697
77742
23246
13996
56571
48045
88538
8259
75277
20642
32693
29376
82436
14889
22956
21136
30242
1116
19385
59565
57631
33878
701
74669
62422
31929
48092
16188
29673
58538
89237
28804
37170
50490
99676
81576
95528
87200
35797
16144
63498
99938
34479
18751
29483
61811
79739
94368
91898
4982
92488
96735
6060
59232
57149
67188
6696
49340
27026
49370
27503
16456
72363
11101
68679
44476
47473
1714
90306
99435
58863
68416
64271
28417
91558
12796
37085
72621
52013
68628
47495
36217
83657
59265
15617
5044
83493
78047
61086
94160
23982
13112
85915
55719
41198
54780
39531
57176
52899
38157
3295
84880
98074
41687
82161
77732
98477
40477
37326
53083
92503
14190
87839
8200
7184
45623
33010
33492
69162
36594
27178
72730
54118
4347
8095
92492
53331
95107
93586
85204
76324
88958
50450
59956
5037
3256
61572
79663
83642
74564
46483
32608
31980
3828
29396
56200
41073
83268
46292
5446
80255
89585
81056
9118
52076
44392
58065
96508
65069
7352
99282
16657
1001
65577
91439
28796
36153
27814
31964
82405
72767
31318
8191
34082
27648
41705
66779
48380
41952
55886
34649
26572
83512
11201
82549
77727
39286
24352
32323
44185
785
79423
56349
94357
46118
36402
69194
94218
2549
34344
91116
80490
70002
82615
99781
18692
63432
66162
16647
36713
11536
62167
56759
73100
66762
36868
77085
65986
32662
86730
41675
70504
94130
78362
94440
75428
94768
52604
69623
62660
3730
70559
84617
27459
4197
73291
21595
76522
78583
31729
73485
9747
69047
64324
97505
98792
30376
46369
97388
54218
87489
95721
18012
23086
30372
85231
43206
43521
88089
22061
3691
23245
3174
30129
74342
18387
47565
99989
47573
28632
80898
65036
78817
36221
22343
19096
22443
36038
56967
56281
55893
23708
34539
96544
51403
74765
73180
40193
92396
86577
50678
49255
40473
24584
53060
70273
66680
91647
28414
15354
40581
40306
68124
1831
43798
41355
79606
47545
23337
98280
17498
43474
6189
31003
98536
96180
48362
78635
27117
21397
59886
25335
65818
37711
44340
20059
60929
29427
31635
98635
85452
40894
81856
13084
5050
94116
76449
59522
76086
89225
2256
58324
75765
61583
78824
14188
45452
78409
38670
61450
4716
68653
47839
23736
98331
62184
85138
63657
56432
41516
34506
9082
99819
3301
97883
71610
74190
16649
58486
86886
43292
60557
68754
44333
78349
37588
84249
12562
94795
15106
68780
24912
38060
24559
74100
19256
67244
85144
44934
76181
14470
54063
52786
35281
99502
34162
50441
27376
80271
29081
75848
6650
56764
46633
88197
60759
39157
46918
6485
18290
9784
71589
29303
56384
35201
34879
40769
31354
33376
73825
54373
74597
63958
91968
58463
42835
27019
40298
24094
90114
46542
19224
18956
52643
77226
99104
59516
47093
13218
84999
84047
25104
19817
77396
99907
43709
81088
19199
79897
93634
18509
81704
89121
40924
3924
90532
87428
78437
79477
4785
27790
3253
48545
83723
67478
9028
55866
65624
13291
41421
83303
13565
77820
27215
53521
93012
97476
66765
94012
17205
67185
62229
41349
63249
79568
37918
66869
92381
5110
522
93663
91307
93901
12555
90652
40789
61177
97410
47456
78195
88326
49090
97432
41772
93488
29747
89635
87304
23439
27699
64938
1444
65629
29654
66845
255
96964
29710
78764
11761
59209
47079
5406
62844
89487
91529
81682
49530
73514
71136
20304
20246
77601
52664
37450
63831
11039
93025
47412
214
63414
90610
1405
87728
67984
2314
57833
48887
87411
49234
29837
80964
95952
67967
52071
87335
94185
81779
42615
24863
71325
74979
94173
3556
20017
4979
93200
62274
63164
41213
49560
10496
22511
8976
5258
24606
3775
30645
3550
12766
65936
37901
7405
15064
14400
65463
67564
8625
55726
26606
78784
59015
75365
15790
87613
23907
28808
99959
78463
20561
59100
82794
39172
8843
9164
48048
51172
98705
61469
51962
85070
69461
87344
99363
94208
73267
49677
30130
53186
2494
95729
15772
13088
58742
25175
31238
11490
26581
82108
95720
3434
34024
71826
1068
34602
76059
58403
93110
51839
88333
26144
38782
54093
41283
17413
90936
74073
87608
26954
35861
90045
14322
42185
60002
5707
1712
61158
334
57474
1535
48288
42474
60038
46508
19763
52712
58463
13780
67175
1766
93136
59991
30425
41604
26641
84874
93444
45456
4972
59340
97196
97539
80145
34673
46791
92997
246
26842
45576
55819
45295
21125
93576
1089
74469
85344
13715
54594
17142
377
36397
45860
82986
18801
55519
53521
10221
59696
15970
49039
32109
2546
39879
18689
92562
87326
28992
66695
87189
94743
13326
69153
36030
21963
22568
99153
27294
87433
31013
95005
41861
97519
77895
44595
41281
83618
12804
20232
78613
64375
70066
49273
53937
88142
302
87283
89235
89822
86633
77837
12026
14827
16367
21011
65795
65812
82773
73918
22530
43785
71262
98558
60127
81914
73355
36345
3498
65099
73629
88238
45532
68292
72168
33778
42668
73476
10230
28828
23146
59157
18836
36828
35291
91578
79677
78981
32882
44613
71233
58412
71464
49638
22930
19272
79671
11358
69227
78137
14425
19410
97918
47494
22391
29274
13784
73790
32177
57464
41234
22080
67050
22694
29975
82358
86316
21129
32621
58876
72607
11714
5186
50655
63809
71139
44245
16256
71971
32319
38109
98295
17344
37593
60026
30485
71163
88286
85430
56354
660
12527
26904
90276
94470
76119
47749
23873
34304
92539
70099
44188
79934
26415
76555
9691
84419
3141
5882
75817
64469
40064
41492
60407
35221
26919
8006
22110
92282
50229
6263
63296
31369
21932
99513
4044
11379
44714
38706
97088
4075
70196
5442
23752
9122
22832
54128
52964
82753
45455
64309
67112
34275
62086
95461
64094
65580
46141
18229
91398
60489
27264
57837
36925
51749
92052
97452
43483
40134
77220
52338
78166
43714
97273
53103
2020
2913
28552
36869
62270
22480
50085
13276
27873
28799
59477
19522
8046
63608
32737
52604
84976
42876
48134
70734
63581
87132
41098
66979
39222
50321
6537
82746
12841
2296
82189
86733
94838
94957
36540
71263
91054
2083
86923
65953
30839
84094
71728
4736
53388
40845
80278
91023
91425
30279
66474
95181
7429
74593
42642
89459
21696
78345
28540
38748
53243
92226
6132
92465
83359
98396
79664
70736
65814
86415
67846
98872
65806
72020
26653
30388
53084
3040
62496
86530
3869
72894
49583
99390
45751
24072
63856
99151
67646
28514
15043
51694
76978
45299
28051
99471
98758
45664
76711
97230
86971
43847
50905
42871
20619
14293
28318
71025
79778
1700
89252
93832
66023
23573
33498
60693
89080
56006
7592
93773
2003
42736
92032
73475
97553
55263
96236
87482
3436
65390
42663
95788
72898
59775
55752
19472
6706
37941
93752
97323
36034
26702
7301
4181
51075
87231
94991
37223
33645
71758
67423
4798
82532
19014
55832
75759
22460
95867
90085
71591
84792
47003
57874
74941
21645
41260
59159
58871
3686
48583
98479
52854
81249
27057
85799
4543
76854
30770
82321
17926
53368
65972
984
40409
39860
18682
34414
28742
86262
23514
50210
33194
58059
22297
17869
23768
34082
47073
50827
59586
97579
97953
58246
41030
71777
74625
12014
90296
99108
44385
54118
49352
85822
69837
50872
73712
32968
35007
37576
60989
49573
93777
58853
57143
89260
85660
40156
7438
50947
6995
52935
98883
5382
53
83107
71600
86919
55987
53535
89653
77552
16223
40528
60896
92324
40044
51137
19960
43715
68776
37800
31494
87500
56851
72180
2465
21565
47610
86242
48500
2261
70293
32687
54062
7707
90617
34984
33670
17176
5370
50813
5129
3679
9377
59668
46690
64812
42182
14041
40804
52234
32554
54451
68375
45871
70644
70162
77404
38114
96166
57029
21247
58077
72379
15080
36152
20621
20735
24890
77342
71062
67627
7020
84969
48500
64795
45654
15138
70396
14414
67811
57673
53249
43674
1357
50595
68690
25513
9284
15326
50272
55060
87047
82754
69566
83482
99349
87285
40961
77437
13629
91051
95143
51321
8241
44329
92179
77601
28153
11444
77270
9241
60196
4763
85963
64138
55961
92798
44313
52037
9196
53049
83963
17079
95725
47825
96987
77381
48602
41433
28954
52901
52148
51041
45325
79160
75567
98172
4418
81096
21634
7789
1952
80953
78431
76686
21228
96559
42813
20348
6504
91389
58544
79234
58742
8837
19258
86144
95290
92849
79355
94103
51741
7916
23492
68436
71374
61245
29290
98647
6722
85921
37205
48255
35997
20357
67704
33973
11337
23229
2139
14769
85027
81444
54740
1548
34133
79728
34100
45091
19293
69873
24253
59300
27725
85862
44529
59385
87276
251
70534
45806
70970
12451
36854
12352
30512
98703
18867
64868
66278
88648
91000
34930
82190
23726
46554
65644
63165
40557
61053
29358
2858
45881
98467
13428
66415
84455
32799
27266
69293
99303
40392
71988
97964
43745
39209
51523
7327
93483
67221
10641
90726
23300
38712
55793
62445
13264
27016
27510
80466
89873
28282
38934
8580
55678
49969
42810
90854
65442
35026
51621
41747
56500
78259
48606
66876
89967
22417
26012
46189
74381
46081
94350
80205
94533
47422
82916
67940
36701
96417
43037
64855
40910
29391
12941
65934
11507
51852
65579
24727
50989
53453
23733
72260
43895
43211
50240
11855
36896
27603
63776
31325
87434
53307
62191
98112
65982
30607
20990
98071
78602
90089
63798
50961
7321
75007
84681
16430
19533
92983
37050
43814
27195
33845
21638
40258
69346
1877
26669
89640
42378
57555
88929
90389
81109
52487
97482
57187
98565
35087
65299
31338
32490
96421
95317
2755
198
41328
38749
96263
76447
61654
15004
92118
17951
67662
99084
29395
28492
10163
93850
74348
49567
10581
86709
94648
48835
38026
12625
83737
80140
28002
47223
45793
3730
72344
67213
48689
85768
92036
83133
38557
35197
42029
55621
62347
96751
55900
12027
44186
86758
96076
36603
39487
46228
76893
21614
98730
97095
4071
79128
90087
92969
20140
37247
61665
80661
94342
62067
29697
23573
99072
54206
20660
67196
23713
38505
75658
23549
72642
60968
50555
550
52737
81187
19972
10013
2862
28546
76207
11734
22627
55733
73168
13614
56112
85661
37292
17703
28948
37914
61621
12480
36776
53042
41712
28239
71285
73307
7511
13918
2854
19877
56953
21312
50744
92167
28671
81550
15917
67812
29323
17123
63872
83514
92409
81456
18867
2535
83463
1180
89701
82424
39441
17180
42175
175
96213
88203
74253
80720
29141
86086
32714
48264
86682
2279
42483
59291
2005
72571
88382
75144
27266
68130
89188
15579
6470
65059
41305
42672
82007
61706
6045
87743
59706
4415
79466
87080
14342
44323
58862
93435
31624
25801
81491
89828
7137
57295
67545
57714
81834
5624
25477
73699
49400
33064
53682
97390
54681
19163
26566
97132
41022
85634
86240
77155
66515
8731
23469
78801
94505
34732
27482
78641
10837
7067
49476
86957
66610
55021
70219
47297
28289
68697
74021
46471
26225
93064
16015
61541
48281
50220
10013
55151
36129
22138
73971
1465
13825
40677
79980
47902
37217
2872
61751
82374
22432
1776
94883
98167
37073
63316
34447
79835
19839
1426
42723
72586
3537
18007
21245
9652
55400
25386
50020
74509
4709
56645
95193
85301
22375
91825
55915
75907
40403
58398
35049
93517
12172
45212
72082
98679
68290
65497
59784
94422
31463
65398
41283
40351
16892
73320
94754
25072
15978
41001
22077
20411
93452
14488
18806
97867
16458
49523
86477
35124
41313
58128
41554
62364
67230
3027
86230
18527
76841
57582
60474
88035
34654
60507
47433
73242
42102
1423
74594
89037
61124
65340
78189
47403
11740
79974
58510
2542
71662
6591
93879
72550
39984
18082
14520
93540
91897
97864
58290
61925
64714
84714
85418
74265
93767
9043
9145
49007
5091
7041
53023
42111
49818
42745
9591
98867
98071
9188
84710
65523
93398
66281
3085
72268
69316
27336
46655
87836
55202
53809
37260
64156
7401
60447
77595
33610
98663
4084
74774
84530
16839
60529
58367
85561
61007
53778
56513
49542
48931
14821
63137
26957
8295
74885
5459
23705
93857
40119
16073
43926
95645
65888
10214
80664
36970
72385
25457
68267
44641
7376
11205
77336
87814
41556
96997
77072
99271
22300
72205
67512
75170
6365
38115
82066
66244
13127
30381
80964
58987
42690
14364
94534
32428
87402
4837
97325
10993
37988
64465
83088
65018
93276
29802
80147
47364
19037
48214
66392
25064
43980
83072
33694
2586
85985
89713
6515
89905
71810
13822
78942
32326
43742
61979
98722
48278
25955
44493
54672
11042
64957
90717
52780
10998
47852
33065
50329
58950
82112
24916
7076
65811
78068
72254
48074
1901
68932
53774
24487
4051
80588
25835
9724
97431
39582
11274
86844
96989
75552
26594
27891
8801
10848
41083
82579
51479
41076
23813
81437
60462
14930
99749
59113
66062
42377
90122
93458
46593
57755
83134
24768
41294
20983
76760
86579
21472
90263
53230
63528
82565
4563
18919
20780
96338
63615
18127
89755
20164
39720
31300
75059
63905
18694
13389
4122
18493
93535
4586
69608
81881
8345
37126
48467
13189
14553
84233
51861
44390
15772
93578
94140
95795
81648
15714
31822
34937
88689
99771
9398
31647
46172
16200
80303
98404
8337
68430
13068
86787
4778
14784
52194
70617
98834
44968
59347
26909
73284
35265
88888
56494
37761
67202
81962
89707
41197
77141
50573
47963
46023
40933
55641
77516
23235
61717
71686
45273
94822
87182
61139
74789
14557
84465
20243
5060
57627
50282
71317
96217
92429
7237
46895
46586
94171
38298
32646
10576
17533
26628
58877
1466
57335
27184
76343
27921
48627
58033
12906
49125
72890
18576
82563
34695
90926
24288
42991
8128
96167
43952
56653
32606
25704
53145
84430
42319
79261
89751
5606
38886
71476
84405
31570
96123
77909
7809
41189
43951
69918
58398
59025
73869
27136
47352
66927
8939
62960
75571
35243
49584
31658
10812
27727
32624
50089
92929
7593
68242
91132
12732
87260
80178
2021
57034
7424
12323
67635
58874
43383
11852
5530
75746
75342
47315
78124
83179
48267
58296
88086
93900
23065
39128
96281
33876
99470
78066
78404
40129
97781
12421
55595
71053
36764
53272
48486
97736
57692
82932
99336
27585
36640
71692
66297
85534
80213
36221
46835
17452
53901
41904
2806
68784
57871
48892
25672
43195
94526
14120
48908
96252
14148
96302
4702
31151
98876
77435
61417
88115
75833
70163
66309
8538
63766
20690
19312
21945
55514
44525
24552
47455
42247
50807
56482
23043
11904
61888
28234
40502
25365
40375
9847
82359
85580
67599
2698
50469
76718
55040
451
41615
84971
35525
29056
64775
91594
7235
39635
41942
95505
72841
95679
62537
2286
56946
97711
52008
85632
68103
51955
1191
37317
16258
30072
42134
30208
14670
6498
15123
20742
56938
29864
28383
95462
83052
26637
66286
2931
83202
6166
51864
23343
19379
65997
52365
92949
68485
11057
73285
47491
51959
17592
19380
48706
59214
24738
25565
78900
52974
73595
52318
92057
99550
77548
38217
63838
42798
8958
6002
92963
50740
34445
3780
47878
74833
25605
42607
76849
66003
86236
16316
87421
80243
61932
12065
28002
91903
37899
80591
91708
33010
22728
8392
29371
8319
89795
30319
38343
94893
86538
67832
26446
28988
68076
50590
20812
24102
70140
1747
75702
46912
41444
8050
15331
26687
2147
68240
57367
33080
72869
94545
14765
38592
9277
36215
70176
27602
67745
73973
36662
3055
50242
1122
30186
35391
94503
72778
99540
96693
52901
75326
89271
81553
60893
80170
60775
800
73746
89831
14997
35614
32325
23431
62841
53755
591
62670
75547
43962
32346
57793
93886
84886
22972
69174
11689
19648
66578
14859
61298
51012
82677
74962
50473
77514
2843
88778
81087
62392
38668
26633
9266
35476
20639
3701
5878
38246
35217
34674
45665
8732
69090
71637
93618
44456
1452
85944
33247
44964
15776
75238
39355
94742
15999
96694
78592
75758
21841
39284
39902
5772
54406
4954
66240
17054
55943
39295
50359
57191
14776
10694
35173
59516
5036
77239
34728
56136
95365
73962
26658
3695
71207
73055
77793
88175
29687
57611
35951
51202
61461
91053
43192
66112
9491
13791
85363
34722
95377
34696
10192
48257
10551
79854
79389
86237
29134
15017
81236
96249
38363
14226
63364
67716
2969
68442
75642
32691
55122
47351
13515
45097
79481
99961
43809
40760
21895
55771
48513
38145
70065
52309
1365
28536
24738
77486
67514
99907
14010
1487
680
42337
31011
15411
32537
20359
91435
59770
29464
27717
23619
46941
72776
72936
25331
91644
7310
52856
52855
19154
29916
51970
82331
3274
60698
24464
95342
30155
77651
44051
93638
79215
14553
67395
39248
7761
74582
55773
47921
50661
36369
60011
77310
95201
14681
9442
99029
19833
93457
97189
18199
47305
61336
75590
96290
42475
24852
35789
23022
44296
93402
76145
80836
39115
90044
5507
92086
25489
38927
29034
83295
93981
93592
79656
89240
91688
39443
28
98868
42805
99008
91873
96857
98403
61643
39188
8924
80635
95061
79186
43479
40681
96740
26304
87817
80840
27492
26916
49290
44662
97240
4497
93385
72903
5665
42976
79781
10709
82442
18521
30468
15732
34414
30513
20531
2628
41766
94318
61691
69792
49555
78501
52604
1683
77060
73156
19273
45514
36325
35436
19231
9604
80932
56790
90435
26246
61121
5687
46040
53772
41009
14878
90105
33850
10863
74778
46073
73104
4864
79000
1812
18428
7105
67337
62706
80713
51087
64259
21336
33717
94131
40702
81322
34912
57736
35455
20545
41696
45706
84849
71237
80401
60957
27406
25767
95306
12183
61918
72542
50796
72811
66423
49500
51059
20019
25698
60556
22575
46137
41118
50250
81356
23138
71006
74974
57612
48920
84109
57975
11543
39602
72946
59648
8201
48578
35918
21538
9162
91546
87298
75574
68571
75196
55438
80261
77355
20157
57908
80158
62345
28822
86747
64211
39028
53607
10032
56656
1423
52871
35846
38264
23600
58700
49694
4350
9527
40499
26562
77950
43196
71277
85515
53718
81921
30055
26434
580
7590
78036
57412
42749
38940
15353
96062
53158
89137
2740
74168
27251
91146
91082
85166
99034
47343
55980
98809
64179
95647
48069
50413
30126
35109
51107
35579
8433
4386
70751
26423
18541
77642
13066
78260
62460
67083
74454
54346
40793
33799
73215
15610
78459
95523
78740
32360
77839
4279
19782
22503
22546
10086
63372
59155
47432
74344
86831
64696
52412
56803
31897
97488
40532
34777
51477
9833
4751
91258
64707
53028
89950
7929
36411
11322
36541
85628
1371
55385
66765
19086
83118
44588
39119
80527
86939
50873
52670
45419
24583
27044
84265
6791
65064
54577
83021
36759
35368
43783
39435
81709
95314
13520
98443
73805
31484
99804
98060
38076
30544
5125
91366
69430
11641
25773
99710
27070
743
43875
24678
29296
56446
46565
93423
71122
28001
55711
90283
40682
12151
91378
32003
79721
72248
99312
98258
60933
87510
34532
12029
41188
63882
9902
46351
16564
69945
18508
91732
12695
13827
42388
67634
82620
35465
20286
29504
75625
56472
21534
52740
59828
75126
11310
64140
17649
69704
87083
77928
38342
6749
1558
99330
58554
55067
37979
4668
38379
99236
86862
63397
35615
34980
99473
49303
87571
40922
32818
69200
92431
24065
98225
98538
90138
86330
36960
25241
88234
99511
89571
73665
61107
38278
21078
7858
46497
82616
1998
17921
70273
75213
62167
90244
43705
36286
2621
5993
83352
35719
98695
65875
54888
86511
65981
98323
21056
81333
99658
63935
37718
60569
72060
3793
38610
83812
13160
35743
61629
75956
88715
90194
86840
40840
30988
58117
76361
43717
42109
14556
68304
28739
36000
92894
80633
12087
14757
47025
36106
39965
98577
12497
61083
82465
24411
70060
38661
22826
47441
55709
58803
49444
63383
41315
40437
39465
60751
71709
12084
33068
32852
83940
98112
76481
45824
40741
23268
47468
90734
9785
45019
24516
1210
24099
84604
67364
37380
49414
15249
2574
73331
9408
59014
38972
83062
45415
38684
2693
23109
61311
76189
73064
37255
93653
38281
87799
59501
55034
15855
53315
32059
57471
5592
14688
25063
60938
1470
93366
54618
91027
23098
18467
85139
51933
91354
17584
82699
26228
64369
26030
54963
671
19656
37324
92505
55554
81906
71673
58954
77396
41118
58960
24369
68215
11685
60965
46173
64377
47555
14250
28961
18246
21251
22878
49461
66312
25043
44499
8506
74844
97815
79162
84507
37522
76345
81741
69679
69729
36158
69849
11995
49220
29939
1286
60051
36789
54598
85669
27201
77861
24593
22581
52510
66613
63474
73361
2078
30068
69846
60441
85737
26101
36371
20348
76707
35211
91349
74367
6476
70980
6768
14285
33571
45344
82804
954
21062
15405
65055
67861
35861
48065
18220
58250
11125
65170
10377
29426
23472
15285
39526
50968
17401
41073
63529
49224
62029
96191
11359
88821
53525
4001
20429
71335
27368
56156
23300
24704
94414
44115
46803
24970
82943
98945
12470
31327
7049
17363
99437
86836
32913
91679
94375
3266
4816
15493
29629
10898
35551
27425
9691
19397
77966
70922
10585
94397
86061
36075
72680
64876
47694
81819
41767
98391
34305
98490
80917
21158
78911
23338
96481
74922
46691
99655
34206
140
78962
74149
4210
54798
51899
54950
44397
25088
13306
74836
39255
28706
22870
78465
72834
39601
53610
43224
33983
82992
60705
98367
76140
9907
69722
40204
25195
78859
36683
4353
86766
40169
70018
60389
85230
79409
45287
64001
49146
44381
35741
35699
18733
8234
29063
93394
63032
61155
7271
34528
37919
93289
59714
68165
10304
39515
24959
30861
14573
6696
18478
74400
10139
44110
73253
13497
49107
15405
59846
71942
22597
73550
66620
85851
51069
88394
77220
62771
74254
24984
57897
62341
90986
10006
15463
639
3251
21330
7825
48897
2380
46774
43598
5176
61641
56655
2142
37397
57638
92792
54107
92170
36083
66664
54203
37920
83788
19892
52337
29144
26342
14050
35155
94172
63141
10475
16022
46145
87115
52812
26357
15836
74796
53546
17521
52318
25981
47007
19602
91821
36554
48325
17676
32704
54246
62622
46973
97750
17981
43934
12338
29172
57222
11285
40873
21081
56212
14013
72114
99840
43852
85020
94062
32562
80304
25654
56378
75141
31930
74003
43877
76692
63781
49640
27452
67516
75876
54021
28006
84305
81686
43034
90891
11707
40465
41831
47953
8368
187
94782
95358
19951
19416
80823
69697
83094
79774
94192
36748
6657
57188
19231
77818
86144
29337
92374
17934
26195
4048
97521
95612
61893
4697
13182
47872
84194
2219
56074
35724
97493
92062
56804
77856
96931
83445
27664
48818
88894
68888
19563
51437
68103
89056
95382
31061
24931
3051
81281
87304
23641
85519
66037
15712
26533
44203
60797
29430
58140
8249
77074
46976
45084
31648
98466
82235
22863
2054
19037
14340
73757
20419
16763
56447
59114
42480
60973
18427
8947
22974
67999
88653
73504
63076
11622
58873
8423
28208
84556
57455
24797
15742
72437
30481
98713
81702
35404
45619
58919
54256
92399
73467
42758
739
87381
23944
76063
15675
41112
47439
46370
46328
5506
4161
43550
80787
66392
72584
26653
13292
67549
12304
29914
82654
39621
8962
73280
92308
10999
65132
21312
45141
39581
73756
42862
53339
81899
71947
89689
84866
89226
49366
35621
68315
26528
20776
76519
85856
6974
89140
90844
31234
19718
30461
60454
5342
48406
77848
84293
49582
70901
13673
32589
31867
17017
83531
84745
44016
66835
81772
99949
73099
71192
52212
43952
50636
20396
92614
3854
99728
6061
19710
60696
64439
46969
91675
66870
62785
31389
82294
63515
55927
70460
17104
38595
75334
48600
87915
28044
85638
89472
8559
33805
56280
88533
28044
2839
5295
86682
66495
90343
34854
47481
49421
97733
75631
7052
39276
75325
60171
98926
8641
13272
16373
15359
14532
61845
90200
13901
32864
82537
8225
49318
63191
5776
75984
27799
96739
51310
4456
50815
47030
22567
98950
44725
2275
9559
19182
37394
59157
8432
75296
83869
68605
12302
9290
562
96361
65848
38839
8877
64688
1685
96037
65273
89194
17639
24084
96176
27964
45129
11002
74701
8497
62849
10324
73942
39780
88194
55767
6175
6395
24866
71621
27101
67085
9330
43067
31529
76387
75967
5382
75596
55932
28579
31605
31277
74539
22793
1450
66932
92028
46620
555
63930
95316
94186
51637
8495
65909
37146
12176
35368
4992
2087
97789
78403
60821
888
99051
98456
70582
43934
11817
6334
73931
97769
26902
4150
9374
29767
46581
78392
78150
474
57021
68089
34721
32565
34732
88118
27385
63635
50107
94175
31754
72532
37452
68931
17018
31444
78688
92531
99238
99722
17957
31158
1118
25978
43212
63561
47847
72279
89241
42736
81727
19129
41364
10366
58173
79318
2013
85853
40437
55777
59996
2810
40571
66428
80150
68208
15648
59546
82204
46287
92024
67190
61565
49064
99900
56809
14491
49465
79370
31020
24987
41040
37002
39659
33910
95805
31180
42754
91725
60536
80173
10455
61945
1004
1657
62803
89664
10847
49834
48158
29860
34207
16398
65206
64117
57066
80230
77996
61319
26393
71275
7515
61854
62731
55212
57542
84453
14250
28338
14284
5183
43548
8996
46154
86389
63337
64838
41454
77069
24131
68028
2772
45563
8118
29069
56191
64146
73774
9859
76277
39155
41568
22798
51607
24422
13046
89896
13692
83078
5594
14899
97481
19671
56381
22367
97295
76339
13893
56040
48769
7745
10865
67099
33712
83047
98506
45145
63780
61494
93641
59989
81178
62724
89727
4919
69941
79096
32196
93219
25666
91613
87007
22611
26220
56121
82607
48065
64600
51128
16660
30529
9790
27553
14845
94507
68101
81706
81423
85046
86970
25639
70286
30080
81005
46462
24619
62474
59144
49462
66186
64864
23084
95790
73295
19511
68457
74218
17829
44558
75898
93607
3626
8407
23324
72016
41595
97615
16841
48649
27671
88169
50676
14921
30482
87945
91267
39333
77209
69419
34468
85574
284
22756
25326
48861
95709
51969
51797
22285
94164
89356
88489
82502
25788
34157
37868
45618
94430
18572
93134
84872
86775
69716
54663
90654
80745
90867
99088
90172
69595
60831
64894
41548
24014
21075
41692
54157
95645
19062
74692
14598
64463
31868
69241
46327
39965
2086
55876
35052
18618
36325
35081
41419
98500
44284
71462
94988
64710
56611
74504
25640
35655
87240
58409
7082
78931
88208
13834
6403
16803
31771
24968
63482
24587
85317
98014
64351
24193
56776
57207
25280
24389
1375
96175
50485
77521
27206
28197
38102
64062
60733
57759
76941
88336
78411
99034
29062
21568
75519
95115
4675
39524
22738
98455
40715
17436
50440
32460
38178
90556
90230
14426
82260
85329
21437
25394
84619
7410
35348
73881
18337
95525
73092
64424
31727
59082
78508
19556
38019
81736
97125
92373
40464
62642
10048
90341
89952
89494
61900
79798
94020
28482
14035
12832
22124
84819
3364
11431
29233
54939
65675
90357
98832
4238
33244
99225
53010
83913
90704
58715
99270
7072
13190
8122
73744
94819
73194
23109
21274
76300
33779
64562
88296
61831
82949
76798
63370
50430
80567
36642
46731
13824
73264
10734
68039
38734
65035
71332
27033
30818
27769
88692
32433
33756
51397
30704
2373
60682
3186
47211
73119
62451
25889
34131
11220
52800
87823
19079
67412
56487
65883
44183
3005
68790
43429
97815
42282
67577
17490
18367
56137
53671
72108
92450
41162
94415
73831
73929
1268
14555
48510
74540
5394
66750
43771
11180
77354
56095
85493
12783
76589
96354
628
29337
71082
68943
46960
77188
15710
97730
6551
31868
82470
89358
72590
76794
29493
68558
65679
81018
38560
54538
49680
21115
61847
50946
59492
69458
46862
30618
99899
68075
24186
22882
83813
47806
29847
57953
40403
48554
3237
83646
35934
89585
42228
48714
87297
55407
24628
53837
20289
45335
12463
93227
20590
66220
43506
91987
82497
52697
50086
5188
89093
51663
25565
93180
81202
79001
88968
97183
47572
2652
49126
87136
67882
76656
46966
81487
61195
82069
4589
63487
42275
95412
30531
43251
69402
51572
20552
23140
85846
18742
93748
20017
54551
58189
43196
61412
94400
55357
10785
92797
69750
32783
26658
29854
73056
77134
15569
20657
33358
86561
1475
59065
83446
62181
60577
14164
31642
49766
6204
56874
78726
95995
86846
18454
30837
8059
12667
97933
46259
50431
72869
1359
62652
82742
87103
27369
48547
70751
96809
33477
81008
95334
54875
62191
80449
96030
56685
54980
10129
19927
67154
76601
5429
59421
64517
67301
84867
29869
77180
52685
57134
12884
94841
39402
56556
58533
1664
68696
45848
52855
95394
2813
89331
38521
61015
50644
39686
82419
24171
87926
27106
18170
79663
77477
23304
6287
31600
90932
44581
73046
52229
77621
90293
93838
7746
36896
10473
27441
32585
26461
1539
6761
86720
13327
27293
39821
72061
33469
42185
36247
25054
44446
32275
62564
38550
57825
3395
86055
20514
21398
88159
17674
62265
13531
2637
20130
85793
45639
58550
11693
66431
76045
28870
33867
53350
84302
67472
45558
21969
92190
28463
35040
24363
39601
57607
65480
79147
45153
81129
7992
54366
44095
29941
98173
74844
99411
97274
77284
53373
7890
76057
85838
27460
83740
93832
19824
91961
11086
73522
83785
88021
86570
70619
10752
42358
28577
11714
7866
3091
54555
44159
90357
4265
39299
81355
76997
6771
31761
85183
72968
39960
96277
2997
21543
33055
1981
1163
7531
91069
33059
70022
13498
95279
42838
40786
78509
63939
56324
86407
13615
15184
63457
86600
38260
37383
57622
26790
62995
96897
28200
28609
40994
41111
15844
36366
52460
98417
80773
19571
89842
33942
59265
61711
38491
73058
88214
64920
9497
88566
21996
68220
63962
82344
40775
85961
59303
42875
56748
9064
47101
14442
41005
26243
11333
63838
57235
81928
31794
66976
89959
11237
43671
33927
75293
49587
27682
3378
37085
60368
75385
2770
83695
49540
30224
1727
3107
44581
42499
30315
70202
77014
82678
50323
93204
266
37031
92529
81207
56390
99244
4527
57688
53349
14639
96854
4042
83797
47235
56036
19712
89598
2305
11420
14496
75523
46564
9175
78151
2817
11453
73273
53747
42676
50483
64127
30000
6937
3482
4660
21570
49102
22415
20962
15948
31222
28654
66789
64091
75033
35633
82939
50003
44871
10821
38744
13235
56029
99210
80502
78823
69568
86087
92714
34890
38951
999
44914
92758
47157
43668
43530
50282
86979
92878
72093
31478
5213
3080
13337
51142
13795
90560
13531
84873
72975
18297
91882
33885
15222
59479
71199
84600
22663
71478
36482
34357
30257
65030
60368
91962
86114
3047
22552
46498
71529
71550
5413
45644
16509
52145
71477
15166
64502
96837
95017
18903
74297
76305
41365
71568
22546
62174
1815
31662
10234
22526
43876
61736
76503
7077
38014
70031
72898
95945
2914
42238
37348
32114
85949
79551
15770
40989
37407
78872
96408
49811
99080
92592
43850
5025
47774
47042
28661
80627
61633
44861
72892
31954
28341
64853
51934
48856
18431
77578
85564
7820